1,1,31,430,2067,0.9814814814814815
1,1,31,156,2679,0.20689655172413793
1,1,31,431,3705,0.990909090909091
0,1,31,12595,2831,0.625
1,1,31,720,2488,0.9545454545454546
1,1,31,800,2896,0.9736842105263158
1,1,31,480,532,0.9767441860465116
1,1,31,1543,5829,0.47368421052631576
1,1,31,1662,1062,0.7692307692307693
0,1,31,1995,5661,0.9545454545454546
1,1,37,1782,2655,0.8181818181818182
0,1,37,2371,1713,0.7419354838709677
1,1,37,1431,2911,0.9879518072289156
1,1,37,2620,1954,0.375
1,1,37,551,2755,0.9890710382513661
1,1,37,3018,3011,0.9993573264781491
1,1,37,778,2632,1
0,1,37,632,3432,0.9259259259259259
0,1,37,932,5517,1
1,1,37,643,7655,1
1,2,40,1589,2325,0.989010989010989
1,2,40,3342,2419,0.7333333333333333
1,2,40,399,2512,0.9719626168224299
1,2,40,3570,3546,0.996031746031746
1,2,40,1155,3261,1
1,2,40,329,971,0.9917355371900827
1,2,19,537,2729,1
1,2,41,2338,2332,0.9014084507042254
1,2,19,1225,1201,0.59375
1,2,41,266,1207,0.38181818181818183
1,2,38,400,2789,1
0,2,38,376,1388,1
1,2,38,529,2301,0.9978858350951374
0,2,38,5162,1986,0.9615384615384616
1,2,38,392,4363,0.9968152866242038
1,2,38,950,3566,0.9902912621359223
1,2,38,6285,5054,0.8723404255319149
1,2,38,1744,4586,0.9552238805970149
0,2,38,197,1019,0.9411764705882353
1,2,39,3089,1453,0.8059701492537313
1,3,39,89,1211,0.9875
1,3,103,5055,1947,0.9841269841269841
1,3,39,1493,2203,0.993006993006993
1,3,35,2022,1020,0.9285714285714286
1,3,15,137,3071,0.9767441860465116
1,3,43,7560,1001,0.9069767441860465
1,3,64,2156,2646,0.9873949579831933
1,3,35,483,1397,0.9621621621621622
1,3,39,442,2121,0.9901477832512315
1,3,29,888,1457,0.9361702127659575
1,3,38,2046,4566,0.9894736842105263
1,3,38,1070,4294,0.9942528735632183
1,3,38,2480,3654,0.9612903225806452
1,3,38,1181,2321,0.9903846153846154
0,3,38,1110,2750,0.9910714285714286
1,3,38,768,1614,0.6666666666666666
1,3,38,1161,2258,0.9626865671641791
0,3,38,1336,4795,0.9955290611028316
0,3,38,342,3405,1
0,3,38,227,3097,0.9838709677419355
0,4,39,115,2686,1
1,4,36,719,2184,0.9925373134328358
1,4,107,3093,2095,0.9821882951653944
1,4,85,2962,2579,0.9857142857142858
1,4,37,349,3572,0.9973614775725593
0,4,37,531,2506,0.9888888888888889
1,4,37,908,1392,0.991869918699187
0,4,37,665,2102,0.975
1,4,37,517,2683,0.997867803837953
1,4,37,411,1772,0.9922480620155039
1,4,39,365,2517,1
1,4,38,325,3252,0.990909090909091
1,4,38,239,2399,0.9904761904761905
0,4,38,45,90,0.84375
0,4,38,176,2199,0.96875
1,4,38,482,3530,0.9866666666666667
0,4,38,330,3393,0.9985549132947977
0,4,38,209,2202,0.9914529914529915
1,4,39,526,3237,0.996742671009772
1,4,38,580,2041,0.967032967032967
1,5,43,4079,2331,0.8059701492537313
1,5,48,4269,4046,0.972972972972973
1,5,31,1184,2536,0.9928443649373881
0,5,39,179,2014,0.991869918699187
1,5,39,517,1730,0.9980769230769231
0,5,39,1913,3499,0.9655172413793104
1,5,31,9596,1928,0.8613138686131386
1,5,38,1324,1556,0.9666666666666667
1,5,35,1637,3604,0.875
1,5,39,2158,4134,0.9752066115702479
1,5,38,3490,3508,0.926829268292683
1,5,38,1028,3292,0.9936708860759493
0,5,38,816,3014,0.984251968503937
1,5,38,998,3776,0.9930555555555556
0,5,38,146,2080,0.9983792544570502
1,5,38,400,1522,0.9928571428571429
1,5,38,1261,2220,0.994535519125683
0,5,38,1473,888,0.8076923076923077
1,5,38,2177,4753,0.8928571428571429
1,5,38,1061,3380,0.997275204359673
1,6,37,315,1899,0.9965034965034965
1,6,37,1399,3189,1
1,6,37,6120,4215,0.9701492537313433
0,6,37,195,1249,0.9983136593591906
0,6,37,157,1459,0.9836065573770492
1,6,37,2786,1681,1
0,6,37,402,2188,1
1,6,37,217,640,0.47692307692307695
1,6,37,594,434,0.47619047619047616
1,6,39,221,2388,0.9932885906040269
1,6,38,414,3978,0.9836065573770492
1,6,39,614,2914,0.9937888198757764
1,6,38,447,1752,1
1,6,39,321,2986,0.9666666666666667
1,6,38,3608,4147,0.918918918918919
1,6,38,380,1211,0.9833333333333333
1,6,38,298,2674,1
1,6,38,220,2935,0.9916666666666667
1,6,39,323,2520,0.9931506849315068
1,6,38,228,2003,0.9863636363636363
0,7,37,151,3728,0.9859154929577465
0,7,37,690,3217,0.88
0,7,37,215,1811,0.9928571428571429
0,7,37,638,2635,0.9791666666666666
1,7,37,336,2435,0.9925093632958801
1,7,37,3438,2382,1
0,7,37,325,2279,0.9736842105263158
0,7,37,148,2858,1
1,7,37,232,2787,0.9946236559139785
1,7,37,4019,1939,0.92
0,7,38,2379,3275,1
0,7,38,211,2419,0.9923664122137404
0,7,38,200,1485,0.987012987012987
1,7,38,185,2025,0.9813084112149533
0,7,38,3867,2970,0.9432624113475178
1,7,38,730,650,0.991701244813278
0,7,38,182,2587,0.9791666666666666
0,7,38,366,1711,0.9976825028968713
1,7,39,191,2949,0.9876543209876543
1,7,39,1834,3136,0.9867549668874173
0,8,37,3939,1685,0.98989898989899
1,8,39,604,2982,0.9902912621359223
1,8,37,750,4520,0.9949748743718593
1,8,38,804,2972,0.9915254237288136
1,8,39,375,2446,1
0,8,40,557,3649,0.9824561403508771
1,8,40,1532,2056,0.9969325153374233
0,8,41,338,3880,1
1,8,42,449,2401,0.9838709677419355
1,8,39,375,2446,1
1,8,40,1562,3744,0.9881656804733728
1,8,38,804,2972,0.9915254237288136
1,8,38,1554,1205,0.9393939393939394
1,8,38,469,4713,1
1,8,38,2157,1690,0.9637305699481865
1,8,39,604,2982,0.9902912621359223
0,8,40,557,3649,0.9824561403508771
1,8,39,3930,4310,0.9894459102902374
0,8,40,1005,2381,0.9714285714285714
0,8,41,338,3880,1
0,9,39,430,4808,1
1,9,43,1396,3957,0.991044776119403
1,9,31,521,1365,0.9591836734693877
1,9,46,653,1339,0.9642857142857143
0,9,44,706,1325,0.9714285714285714
1,9,32,753,1061,0.9040404040404041
1,9,43,778,2499,0.953125
1,9,45,617,1512,0.9956896551724138
0,9,39,632,4713,1
1,9,39,525,1883,1
0,9,38,3608,4147,0.918918918918919
1,9,39,413,2035,1
1,9,39,2161,4149,0.9752066115702479
1,9,38,354,3294,0.9714285714285714
1,9,38,1988,2246,0.5
1,9,38,849,2634,0.9968454258675079
1,9,38,3957,3929,0.9855072463768116
0,9,38,157,3219,0.9917355371900827
1,9,38,2229,3082,0.9847328244274809
0,9,38,458,3240,1
1,10,39,327,2273,0.9951219512195122
0,10,39,715,1630,0.9803921568627451
1,10,39,732,2014,1
1,10,37,1516,461,-0.2
1,10,37,408,1560,0.991869918699187
1,10,37,1901,835,0.6428571428571429
1,10,37,416,2706,0.9937888198757764
0,10,37,323,2331,0.9972144846796658
1,10,37,854,2204,0.9855072463768116
1,10,37,1236,2468,0.9921259842519685
1,10,39,3037,2084,0.9981060606060606
1,10,38,1426,1407,0.9459459459459459
1,10,38,3554,2127,0.9879518072289156
1,10,38,1069,2267,0.9743589743589743
0,10,38,1705,1670,0.9844961240310077
1,10,38,4761,4660,0.9634146341463414
0,10,38,154,2715,0.9933333333333333
1,10,38,643,2718,0.9891304347826086
1,10,38,355,1861,0.9934640522875817
1,10,39,772,1622,0.9963503649635036
