coefficient of determination (R^2): 0.26246487222100967

intercept (b0): 0.01005198115565864

slope (b1): [-1.18526556e-02 -7.01081370e-03 -8.99522619e-05  9.10996907e-05
  8.73822249e-01]

predicted response:
[ 0.78812804  0.19167843  0.94549744 -0.54804251  0.77685756  0.82355392
  0.63965285  0.58700366  0.40028227  0.95122774  0.53531944  0.32989591
  0.738563    0.00881643  0.80448745  0.61488513  0.78241299  0.8036982
  1.03138295  1.25215029  0.63900656  0.2664668   0.74818815  0.57817875
  0.7729176   0.6313782   0.92727015  0.48871016  0.37119238  0.11857456
  0.81185413  0.68638232  0.75394624  0.27673986  0.95318179  0.82468114
  0.37727409  0.81553807  0.61746668  0.2717049   0.66628772 -0.16500533
  0.63517778  0.45156012  0.9902763  -0.12328283  0.43572232  0.65369356
  0.71974899  0.64208142  0.80462607  0.87181653  0.65787663  0.67871197
  0.7247805   0.36858282  0.65056856  0.89464533  0.86133612  0.82952801
  0.79739113  0.7118393  -0.01662622  0.19656877  0.86877266  0.74788554
  0.61509337  0.68689124  0.77311549  0.69474796  0.75950722  0.82913056
  0.75878014  0.43766908  0.72724236  0.83662664  0.84820694  0.74438562
  0.80777036  0.67500752  0.19903646  0.44905822  0.72554831  0.71145829
  0.66060594  0.66773656 -0.201453    0.55172695  0.65107612  0.71201334
  0.49990614  0.76009877  0.74561247  0.8063519   0.73313811  0.65463127
  0.64223656  0.33855413  0.70174697  0.76829665  0.69496622  0.71803189
  0.3607513   0.64812745  0.65782518  0.45588977  0.7165235   0.1350661
  0.0817474   0.73113859  0.85717675  0.7441429   0.66574537  0.75335815
  0.52873958  0.60792354  0.76314217  0.78665362  0.73386812  0.69639518
  0.85523503  0.66764751  0.68090575  0.70595905  0.72656384  0.44924912
  0.69689192  0.78855551  0.76983348  0.28672391  0.61884978  0.72921455
  0.64043897  0.6859973   0.40763684  0.52079273  0.73559368  0.65541868
  0.76816808  0.63662628  0.32000741  0.72447565  0.86956822  0.71366345
  0.704729    0.77560958  0.5554341   0.82467256  0.65884669  0.704729
  0.69885115  0.71366345  0.43967245  0.9098073   0.45088048  0.72447565
  0.77560958  0.54553613  0.61016043  0.82467256  0.90310644  0.70281818
  0.60168484  0.48673862  0.50095897  0.49792538  0.59245019  0.54018942
  0.87628161  0.62809438  0.49318161  0.65201618  0.66569936  0.75406234
  0.09966309  0.67161999  0.5001149   0.78269514  0.57771427  0.76475427
  0.6653186   0.5589688   0.60955566 -0.6370098   0.60425832  0.09893718
  0.70961572  0.68681232  0.61724796  0.61272012  0.40693771  0.45160846
  0.36248748  0.58689509  0.484157    0.46322949  0.72659428  0.67920834
  0.63082897  0.56705736]


                            OLS Regression Results                            
==============================================================================
Dep. Variable:                      y   R-squared:                       0.262
Model:                            OLS   Adj. R-squared:                  0.243
Method:                 Least Squares   F-statistic:                     13.81
Date:                Tue, 26 Jul 2022   Prob (F-statistic):           1.54e-11
Time:                        16:22:37   Log-Likelihood:                -109.28
No. Observations:                 200   AIC:                             230.6
Df Residuals:                     194   BIC:                             250.3
Df Model:                           5                                         
Covariance Type:            nonrobust                                         
==============================================================================
                 coef    std err          t      P>|t|      [0.025      0.975]
------------------------------------------------------------------------------
const          0.0101      0.234      0.043      0.966      -0.451       0.471
x1            -0.0119      0.011     -1.112      0.268      -0.033       0.009
x2            -0.0070      0.004     -1.926      0.056      -0.014       0.000
x3         -8.995e-05   1.92e-05     -4.675      0.000      -0.000    -5.2e-05
x4           9.11e-05   2.78e-05      3.280      0.001    3.63e-05       0.000
x5             0.8738      0.219      3.995      0.000       0.442       1.305
==============================================================================
Omnibus:                       58.873   Durbin-Watson:                   1.963
Prob(Omnibus):                  0.000   Jarque-Bera (JB):               20.595
Skew:                          -0.573   Prob(JB):                     3.37e-05
Kurtosis:                       1.924   Cond. No.                     3.18e+04
==============================================================================

Notes:
[1] Standard Errors assume that the covariance matrix of the errors is correctly specified.
[2] The condition number is large, 3.18e+04. This might indicate that there are
strong multicollinearity or other numerical problems.

