coefficient of determination (R^2): 0.04821854283972982

intercept (b0): 0.45895195925947696

slope (b1): [-1.72772177e-03  8.77667949e-03  1.43982634e-05  3.02514995e-06
 -4.83909090e-01]

predicted response:
[0.26679773 0.63953269 0.26720522 0.61676845 0.2852814  0.27840611
 0.26516646 0.53993133 0.38420616 0.31323799 0.41972524 0.46225242
 0.33329265 0.64413006 0.31960864 0.35092597 0.31721633 0.35337942
 0.32816122 0.33046789 0.3578846  0.50713386 0.34956623 0.38670386
 0.34914961 0.3343283  0.15433184 0.41985842 0.35620348 0.63805638
 0.31929769 0.3147139  0.32070186 0.40404492 0.32548521 0.33426543
 0.47265907 0.36575273 0.33948557 0.45664251 0.32314397 0.96021198
 0.3436952  0.34380736 0.12402639 0.50415077 0.57671409 0.30653406
 0.32969816 0.27246452 0.35173899 0.33455075 0.36886708 0.33205222
 0.33199538 0.48061701 0.34497701 0.33927873 0.31859837 0.32381581
 0.32020384 0.30466298 0.96672745 0.77151224 0.30997676 0.31347239
 0.31408798 0.32090056 0.30946129 0.30789861 0.32329215 0.3205622
 0.31695298 0.37817678 0.32595436 0.32571667 0.31736085 0.3154524
 0.32936463 0.33212417 0.50347643 0.47446944 0.26666333 0.32129892
 0.32230277 0.36351016 0.44959103 0.33981882 0.36854928 0.36426993
 0.39618823 0.32774101 0.32840548 0.32907099 0.30909683 0.31373816
 0.32743444 0.4168725  0.39748904 0.3267382  0.30138588 0.31920405
 0.40472711 0.29681579 0.30402084 0.33461252 0.30182081 0.54759588
 0.55275535 0.32062083 0.32411822 0.32762851 0.30992645 0.33675228
 0.40192046 0.31539031 0.31057029 0.31426937 0.3225555  0.3141313
 0.30795348 0.36542176 0.29971662 0.31492476 0.3035148  0.34439309
 0.31199416 0.29846278 0.30205911 0.39013107 0.34062347 0.31051247
 0.31011917 0.31429727 0.38858125 0.31295556 0.31699062 0.30802989
 0.32288474 0.34754199 0.35265834 0.32592729 0.31286232 0.31940279
 0.31631046 0.33983651 0.34205051 0.33766915 0.35137482 0.31631046
 0.35183126 0.31940279 0.35008295 0.31574523 0.34845558 0.32592729
 0.33983651 0.37824239 0.34778739 0.33766915 0.32252005 0.3732946
 0.26295265 0.39395584 0.37366674 0.30083441 0.37833553 0.36998752
 0.32514111 0.31503932 0.3967373  0.31388654 0.35744761 0.321895
 0.57037997 0.31472609 0.36888011 0.30900493 0.34181236 0.30940308
 0.31400108 0.32477032 0.31668833 0.88641606 0.29703074 0.48522457
 0.29968417 0.29555299 0.30847952 0.31157542 0.35100458 0.34222503
 0.35471562 0.32593716 0.32838298 0.39163079 0.30493615 0.31401979
 0.30518346 0.3178445 ]


                            OLS Regression Results                            
==============================================================================
Dep. Variable:                      y   R-squared:                       0.048
Model:                            OLS   Adj. R-squared:                  0.024
Method:                 Least Squares   F-statistic:                     1.966
Date:                Tue, 26 Jul 2022   Prob (F-statistic):             0.0854
Time:                        16:22:37   Log-Likelihood:                -132.05
No. Observations:                 200   AIC:                             276.1
Df Residuals:                     194   BIC:                             295.9
Df Model:                           5                                         
Covariance Type:            nonrobust                                         
==============================================================================
                 coef    std err          t      P>|t|      [0.025      0.975]
------------------------------------------------------------------------------
const          0.4590      0.262      1.751      0.082      -0.058       0.976
x1            -0.0017      0.012     -0.145      0.885      -0.025       0.022
x2             0.0088      0.004      2.151      0.033       0.001       0.017
x3           1.44e-05   2.16e-05      0.668      0.505   -2.81e-05    5.69e-05
x4          3.025e-06   3.11e-05      0.097      0.923   -5.84e-05    6.44e-05
x5            -0.4839      0.245     -1.974      0.050      -0.967      -0.001
==============================================================================
Omnibus:                     1171.674   Durbin-Watson:                   1.899
Prob(Omnibus):                  0.000   Jarque-Bera (JB):               28.932
Skew:                           0.584   Prob(JB):                     5.22e-07
Kurtosis:                       1.547   Cond. No.                     3.18e+04
==============================================================================

Notes:
[1] Standard Errors assume that the covariance matrix of the errors is correctly specified.
[2] The condition number is large, 3.18e+04. This might indicate that there are
strong multicollinearity or other numerical problems.

