coefficient of determination (R^2): 0.05613710333634159

intercept (b0): -0.2781765130058595

slope (b1): [-1.79528931e-03 -1.41860087e-03  5.32602351e-06  1.50775667e-05
  7.83361742e-01]

predicted response:
[ 0.47836213 -0.12064993  0.51044974  0.27541852  0.46515368  0.48672398
  0.45177335  0.14322285  0.30350175  0.51978548  0.35799421  0.28719971
  0.49297595  0.00471637  0.48681371  0.51187075  0.49472951  0.44798717
  0.5390485   0.56974511  0.47976064  0.29022636  0.46288713  0.51422099
  0.50017012  0.45476913  0.51864799  0.4138123   0.18103306 -0.02121263
  0.49186956  0.47061807  0.48354261  0.4749955   0.51306426  0.49890869
  0.45736027  0.49104622  0.41802098  0.33263345  0.45341486  0.39752823
  0.48016351  0.42034226  0.50733551  0.42128605  0.45051275  0.44414345
  0.4710897   0.43535565  0.51738783  0.51183237  0.48387081  0.47964527
  0.48627342  0.21319753  0.45689127  0.52180267  0.49905314  0.48116189
  0.48378947  0.47784727  0.38032166  0.42089284  0.49916477  0.47742432
  0.46497105  0.46116665  0.48705222  0.46834971  0.48257287  0.48773897
  0.47408065  0.32329362  0.45371013  0.48944337  0.49588098  0.47171578
  0.49173454  0.45213453  0.34008404  0.49068463  0.49116943  0.46583413
  0.46821463  0.47681596  0.42376882  0.44670224  0.41169579  0.49528538
  0.45646272  0.49245447  0.47975537  0.4991102   0.47317126  0.46178497
  0.4782096   0.31288957  0.44162876  0.49678054  0.46949623  0.49745873
  0.51468854  0.4604747   0.45191762  0.48210895  0.47705604  0.0429722
  0.04130024  0.47101288  0.4898482   0.48142867  0.46930329  0.45970727
  0.45873381  0.44773345  0.48241123  0.47940303  0.47343834  0.46123915
  0.48611011  0.39830605  0.4629851   0.46693733  0.47276551  0.4943556
  0.45560792  0.48400991  0.47917517  0.42810172  0.50076101  0.47032794
  0.45199323  0.45558648  0.45964142  0.44589886  0.46236634  0.46464297
  0.47310265  0.48396829  0.47680684  0.47607025  0.50654331  0.47937007
  0.47437447  0.47832033  0.47083487  0.49296143  0.45719943  0.47437447
  0.48957799  0.47937007  0.41588472  0.51047456  0.44547332  0.47607025
  0.47832033  0.5131454   0.45294946  0.49296143  0.50848532  0.48810967
  0.43643279  0.41946154  0.42796537  0.38846912  0.43313019  0.44789746
  0.50812881  0.46488941  0.45334794  0.46658469  0.48834636  0.46428995
  0.08789227  0.47688572  0.50408256  0.4780176   0.48150184  0.48641143
  0.46409854  0.44493141  0.46617177 -0.49026498  0.45406933  0.17768659
  0.47289402  0.46942815  0.46117042  0.4723703   0.47802004  0.41979067
  0.47488608  0.45311367  0.45544077  0.50028459  0.46985889  0.46921616
  0.45815558  0.45761542]


                            OLS Regression Results                            
==============================================================================
Dep. Variable:                      y   R-squared:                       0.056
Model:                            OLS   Adj. R-squared:                  0.032
Method:                 Least Squares   F-statistic:                     2.308
Date:                Tue, 26 Jul 2022   Prob (F-statistic):             0.0458
Time:                        16:22:37   Log-Likelihood:                -137.93
No. Observations:                 200   AIC:                             287.9
Df Residuals:                     194   BIC:                             307.7
Df Model:                           5                                         
Covariance Type:            nonrobust                                         
==============================================================================
                 coef    std err          t      P>|t|      [0.025      0.975]
------------------------------------------------------------------------------
const         -0.2782      0.270     -1.031      0.304      -0.811       0.254
x1            -0.0018      0.012     -0.146      0.884      -0.026       0.022
x2            -0.0014      0.004     -0.338      0.736      -0.010       0.007
x3          5.326e-06   2.22e-05      0.240      0.811   -3.85e-05    4.91e-05
x4          1.508e-05   3.21e-05      0.470      0.639   -4.81e-05    7.83e-05
x5             0.7834      0.252      3.104      0.002       0.286       1.281
==============================================================================
Omnibus:                     1170.979   Durbin-Watson:                   1.898
Prob(Omnibus):                  0.000   Jarque-Bera (JB):               30.924
Skew:                           0.148   Prob(JB):                     1.93e-07
Kurtosis:                       1.096   Cond. No.                     3.18e+04
==============================================================================

Notes:
[1] Standard Errors assume that the covariance matrix of the errors is correctly specified.
[2] The condition number is large, 3.18e+04. This might indicate that there are
strong multicollinearity or other numerical problems.

