coefficient of determination (R^2): 0.023204602486932124

intercept (b0): 1.1521968583920097

slope (b1): [ 3.25955665e-03 -2.19440344e-03  1.32433104e-05 -2.32901932e-05
 -1.72539986e-01]

predicted response:
[0.8756389  0.99140351 0.83587617 1.08045737 0.87432183 0.8625767
 0.91286889 0.89037633 0.95198304 0.81730727 0.89485852 0.93775374
 0.85495572 0.99874943 0.84674177 0.87167593 0.85072701 0.84294207
 0.78557427 0.73195252 0.86718981 0.93233068 0.85001653 0.86377612
 0.83774655 0.88156807 0.88803504 0.88986656 1.00282822 0.97827798
 0.84312963 0.87544135 0.85656841 0.93153245 0.80691441 0.83399212
 0.89034061 0.82680183 0.89181429 0.94114009 0.87898479 0.78774965
 0.87352435 0.92797768 0.8908222  0.98793237 0.81809532 0.89302008
 0.86200875 0.91463728 0.82861721 0.82120207 0.86046822 0.86929106
 0.85824079 0.93614203 0.8752725  0.81283621 0.83127432 0.83970762
 0.84607889 0.87364035 0.75313577 0.78779694 0.83338677 0.86208626
 0.89250991 0.87566649 0.85622926 0.87701247 0.85332576 0.83944068
 0.85824298 0.93476697 0.86581533 0.8357772  0.83490377 0.86226532
 0.83925101 0.87514174 0.93480324 0.8575901  0.88577893 0.86723979
 0.87725949 0.86016464 1.03403637 0.89961326 0.87845948 0.84694818
 0.88970936 0.85060216 0.85589439 0.83903857 0.86633689 0.8836494
 0.87850575 0.9445738  0.84918615 0.84836776 0.87856814 0.86227625
 0.90605263 0.89180524 0.88894862 0.91576633 0.87238615 0.99624104
 1.00615796 0.86210026 0.83148975 0.85496792 0.88094222 0.8540904
 0.88101404 0.89553058 0.85749541 0.85182153 0.86040056 0.87454892
 0.83888488 0.87619897 0.88318204 0.871955   0.87031141 0.9113341
 0.87704709 0.85667748 0.86037116 0.94314922 0.87431689 0.8668589
 0.88938994 0.87759886 0.91091595 0.9150473  0.86483957 0.88448383
 0.85286885 0.87042752 0.93920465 0.86037434 0.83006824 0.86523737
 0.86815002 0.84337481 0.89089057 0.82987307 0.86637778 0.86815002
 0.85348665 0.86523737 0.92531839 0.81879043 0.91780932 0.86037434
 0.84337481 0.87363807 0.88074248 0.82987307 0.81712652 0.84250704
 0.92311748 0.89167478 0.89585912 0.94059016 0.87482245 0.88394478
 0.82201424 0.88650845 0.89079271 0.88148509 0.85967678 0.8585055
 0.98589347 0.87604704 0.88900274 0.85413957 0.88597871 0.85621076
 0.87890432 0.90155979 0.88945836 1.14744757 0.90153285 0.99840916
 0.87461714 0.88152827 0.89353829 0.89130663 0.91868066 0.92430725
 0.92847239 0.89464744 0.91522537 0.88969665 0.86882197 0.87595325
 0.89135115 0.89974756]


                            OLS Regression Results                            
==============================================================================
Dep. Variable:                      y   R-squared:                       0.023
Model:                            OLS   Adj. R-squared:                 -0.002
Method:                 Least Squares   F-statistic:                    0.9217
Date:                Tue, 26 Jul 2022   Prob (F-statistic):              0.468
Time:                        16:22:37   Log-Likelihood:                -56.630
No. Observations:                 200   AIC:                             125.3
Df Residuals:                     194   BIC:                             145.1
Df Model:                           5                                         
Covariance Type:            nonrobust                                         
==============================================================================
                 coef    std err          t      P>|t|      [0.025      0.975]
------------------------------------------------------------------------------
const          1.1522      0.180      6.410      0.000       0.798       1.507
x1             0.0033      0.008      0.398      0.691      -0.013       0.019
x2            -0.0022      0.003     -0.784      0.434      -0.008       0.003
x3          1.324e-05   1.48e-05      0.896      0.372   -1.59e-05    4.24e-05
x4         -2.329e-05   2.13e-05     -1.091      0.277   -6.54e-05    1.88e-05
x5            -0.1725      0.168     -1.026      0.306      -0.504       0.159
==============================================================================
Omnibus:                       96.254   Durbin-Watson:                   1.877
Prob(Omnibus):                  0.000   Jarque-Bera (JB):              257.280
Skew:                          -2.251   Prob(JB):                     1.36e-56
Kurtosis:                       6.256   Cond. No.                     3.18e+04
==============================================================================

Notes:
[1] Standard Errors assume that the covariance matrix of the errors is correctly specified.
[2] The condition number is large, 3.18e+04. This might indicate that there are
strong multicollinearity or other numerical problems.

