coefficient of determination (R^2): 0.10905902173200432

intercept (b0): -0.6421795633577326

slope (b1): [2.72592199e-02 2.90845545e-03 5.00215088e-05 4.66719773e-05
 5.76013144e-01]

predicted response:
[ 0.15856824 -0.27274551  0.24049738  0.59739926  0.17720787  0.21127593
  0.08669908  0.09732425  0.0510302   0.38907548  0.17702842  0.11860719
  0.26920864 -0.06904917  0.21855358  0.3598297   0.23046303  0.21782983
  0.372815    0.45814347  0.28635695  0.23115813  0.22573893  0.44648009
  0.3146624   0.16170537  0.19784205  0.276598   -0.07306327 -0.17884336
  0.24905008  0.18246212  0.23150914  0.42762055  0.32027716  0.30723367
  0.57560509  0.37435689  0.12240318  0.21234886  0.18281252  0.64976815
  0.30251342  0.22501229  0.19602501  0.51197346  0.42583214  0.18497323
  0.24446677  0.17560982  0.43551751  0.37675461  0.39842801  0.28799502
  0.30486139  0.04787326  0.26809982  0.41417809  0.30215799  0.27274001
  0.28741363  0.28117331  0.59630974  0.55039115  0.3331333   0.28760456
  0.2561872   0.26745178  0.30033717  0.24927968  0.29203144  0.31618954
  0.27182714  0.06984116  0.24682682  0.33457404  0.3274245   0.26169477
  0.33181246  0.2586723   0.39625963  0.59654426  0.33375566  0.28182762
  0.28905537  0.42269332  0.65039674  0.30030062  0.35001499  0.47016649
  0.47680405  0.38207159  0.3530668   0.40280575  0.28409827  0.26757996
  0.34419229  0.18500563  0.44966403  0.38990557  0.30737458  0.42381878
  0.69066135  0.27207789  0.2715067   0.42281727  0.32722868 -0.0555727
 -0.046751    0.32946024  0.4048374   0.37395629  0.31203913  0.34703765
  0.53523273  0.27383793  0.34761748  0.35109708  0.3406437   0.30494436
  0.40569449  0.34779799  0.32342417  0.37515508  0.35839976  0.51540757
  0.33972516  0.37305267  0.37084392  0.47771333  0.50702132  0.35422643
  0.30700092  0.32816756  0.53453678  0.29724172  0.35301347  0.33199814
  0.37815638  0.46855134  0.52937888  0.42913357  0.50509912  0.43647359
  0.39825482  0.45630809  0.43906918  0.46914855  0.39929101  0.39825482
  0.51430231  0.43647359  0.36149192  0.50585376  0.42830901  0.42913357
  0.45630809  0.65699856  0.41318563  0.46914855  0.53850444  0.55358286
  0.33558639  0.38754144  0.38783664  0.30414831  0.43277953  0.40899554
  0.54417494  0.40674095  0.61701039  0.40823268  0.58005352  0.44467546
  0.20594932  0.45327304  0.66264916  0.4430179   0.53623475  0.46381492
  0.43948816  0.42040187  0.45046865 -0.27982875  0.40257266  0.24238164
  0.45756423  0.43738346  0.45127402  0.48651612  0.56794433  0.42280938
  0.58705491  0.46145588  0.47124552  0.75151725  0.44752473  0.46970434
  0.41779648  0.43207186]


                            OLS Regression Results                            
==============================================================================
Dep. Variable:                      y   R-squared:                       0.109
Model:                            OLS   Adj. R-squared:                  0.086
Method:                 Least Squares   F-statistic:                     4.749
Date:                Tue, 26 Jul 2022   Prob (F-statistic):           0.000407
Time:                        16:22:37   Log-Likelihood:                -124.18
No. Observations:                 200   AIC:                             260.4
Df Residuals:                     194   BIC:                             280.1
Df Model:                           5                                         
Covariance Type:            nonrobust                                         
==============================================================================
                 coef    std err          t      P>|t|      [0.025      0.975]
------------------------------------------------------------------------------
const         -0.6422      0.252     -2.549      0.012      -1.139      -0.145
x1             0.0273      0.011      2.373      0.019       0.005       0.050
x2             0.0029      0.004      0.742      0.459      -0.005       0.011
x3          5.002e-05   2.07e-05      2.413      0.017    9.14e-06    9.09e-05
x4          4.667e-05   2.99e-05      1.560      0.120   -1.23e-05       0.000
x5             0.5760      0.236      2.445      0.015       0.111       1.041
==============================================================================
Omnibus:                      465.149   Durbin-Watson:                   2.035
Prob(Omnibus):                  0.000   Jarque-Bera (JB):               25.108
Skew:                           0.512   Prob(JB):                     3.53e-06
Kurtosis:                       1.598   Cond. No.                     3.18e+04
==============================================================================

Notes:
[1] Standard Errors assume that the covariance matrix of the errors is correctly specified.
[2] The condition number is large, 3.18e+04. This might indicate that there are
strong multicollinearity or other numerical problems.

