coefficient of determination (R^2): 0.3623427366294555

intercept (b0): -0.045397672626493524

slope (b1): [ 1.10954934e-02 -7.69397694e-03 -4.90370566e-05  3.54403326e-05
  1.15802993e+00]

predicted response:
[ 0.9159387   0.0540718   0.98485838 -0.06633691  0.88544561  0.91814555
  0.85360001  0.40664255  0.57411483  0.93537553  0.63520975  0.4846466
  0.85809321  0.05605522  0.89701324  0.79702337  0.89417873  0.84391041
  0.98887238  1.07881552  0.81881745  0.44010451  0.86405637  0.77307794
  0.88599729  0.83577304  1.05902145  0.67319644  0.50068147  0.13322977
  0.92168038  0.87320537  0.89561146  0.61516772  0.97416777  0.91100413
  0.56553605  0.86760877  0.80078611  0.5100851   0.86993221  0.15617769
  0.84261825  0.73090933  1.10569734  0.37210964  0.62695842  0.85863744
  0.88793904  0.85696826  0.90284856  0.94660341  0.81660772  0.86675696
  0.88623784  0.48707787  0.83342979  0.95279302  0.95745127  0.93349701
  0.9465026   0.91353309  0.23570809  0.43263576  0.97876053  0.92224488
  0.8677295   0.88527227  0.93960219  0.90600615  0.92825392  0.95343048
  0.92691575  0.68468389  0.89775744  0.95067122  0.96703647  0.92253628
  0.94210391  0.87035852  0.4951656   0.70155311  0.95312681  0.92122894
  0.90177726  0.85831039  0.36676311  0.8273577   0.80152009  0.8800215
  0.74419006  0.93466878  0.92430483  0.95258044  0.94041821  0.90179232
  0.88625238  0.61227997  0.81335819  0.94034321  0.94233353  0.93894445
  0.70923423  0.92727799  0.9195526   0.81748603  0.95235862  0.30083011
  0.27419406  0.94516243  0.9885303   0.94511176  0.92700599  0.93062306
  0.76298513  0.89181776  0.9669885   0.97041307  0.94467907  0.93084931
  1.01403025  0.84683595  0.9509914   0.94359757  0.96676994  0.82145303
  0.93998057  0.99965455  0.98679321  0.68462004  0.89733752  0.96447301
  0.92571172  0.93897899  0.74785725  0.87555854  0.95656336  0.9379367
  0.97108641  0.89610439  0.77158178  0.96615278  1.03431232  0.96511414
  0.96962926  0.97532894  0.88782544  1.00687711  0.92264587  0.96962926
  0.93602535  0.96511414  0.80534346  1.05305699  0.82114523  0.96615278
  0.97532894  0.84914135  0.89565175  1.00687711  1.06173778  0.94306194
  0.94953963  0.83264395  0.85320842  0.85583764  0.8777826   0.88460115
  1.04846546  0.95341629  0.79627161  0.96429537  0.92478797  0.98641534
  0.32321893  0.96818486  0.84854296  1.01693369  0.90236423  1.01248828
  0.98239392  0.92352187  0.95900379 -0.50872806  0.96477497  0.46170116
  1.00721944  1.00245678  0.95835985  0.95664864  0.84626096  0.84855756
  0.81836779  0.92944561  0.88883929  0.82053564  1.01216466  0.98342478
  0.97219355  0.93892331]


                            OLS Regression Results                            
==============================================================================
Dep. Variable:                      y   R-squared:                       0.362
Model:                            OLS   Adj. R-squared:                  0.346
Method:                 Least Squares   F-statistic:                     22.05
Date:                Tue, 26 Jul 2022   Prob (F-statistic):           1.82e-17
Time:                        16:22:37   Log-Likelihood:                -40.579
No. Observations:                 200   AIC:                             93.16
Df Residuals:                     194   BIC:                             112.9
Df Model:                           5                                         
Covariance Type:            nonrobust                                         
==============================================================================
                 coef    std err          t      P>|t|      [0.025      0.975]
------------------------------------------------------------------------------
const         -0.0454      0.166     -0.274      0.785      -0.373       0.282
x1             0.0111      0.008      1.467      0.144      -0.004       0.026
x2            -0.0077      0.003     -2.980      0.003      -0.013      -0.003
x3         -4.904e-05   1.36e-05     -3.593      0.000    -7.6e-05   -2.21e-05
x4          3.544e-05   1.97e-05      1.799      0.074   -3.41e-06    7.43e-05
x5             1.1580      0.155      7.465      0.000       0.852       1.464
==============================================================================
Omnibus:                       72.849   Durbin-Watson:                   1.904
Prob(Omnibus):                  0.000   Jarque-Bera (JB):              173.038
Skew:                          -1.668   Prob(JB):                     2.66e-38
Kurtosis:                       6.104   Cond. No.                     3.18e+04
==============================================================================

Notes:
[1] Standard Errors assume that the covariance matrix of the errors is correctly specified.
[2] The condition number is large, 3.18e+04. This might indicate that there are
strong multicollinearity or other numerical problems.

