coefficient of determination (R^2): 0.02347095609008021

intercept (b0): 0.9395369999136516

slope (b1): [-8.57503249e-03  2.40981760e-03  1.90025329e-05 -1.62251764e-05
 -2.58570873e-01]

predicted response:
[0.72651744 0.91166604 0.6975219  1.03746294 0.73216225 0.72211385
 0.75359814 0.81792973 0.82111671 0.70490799 0.7993519  0.84554359
 0.74463079 0.94124378 0.73015029 0.77021616 0.73363365 0.73703254
 0.68975041 0.64956925 0.75552169 0.85341876 0.73428278 0.77153941
 0.72924639 0.7528429  0.67552845 0.7947023  0.81843868 0.90793328
 0.71773813 0.74001354 0.728654   0.83120204 0.69287115 0.71809295
 0.82582706 0.72569869 0.75780923 0.84309306 0.73449859 0.97202393
 0.74365882 0.77992743 0.6501774  0.91033404 0.8107663  0.73588006
 0.72575693 0.73486443 0.71433092 0.69896194 0.74466278 0.73408371
 0.72559634 0.8214109  0.74188776 0.69555782 0.69806624 0.7050488
 0.69925335 0.7135761  0.93390516 0.86963513 0.68518705 0.70813231
 0.7326003  0.72082488 0.70267273 0.7168927  0.70674604 0.69400126
 0.70631905 0.77803561 0.71398469 0.69357103 0.68983154 0.70869276
 0.69896557 0.72466926 0.83157403 0.77622536 0.6959975  0.7049
 0.71432586 0.72057004 0.89972167 0.73819604 0.72738755 0.71241729
 0.75798477 0.69742188 0.7003394  0.68915793 0.69910911 0.71441726
 0.71901929 0.79297198 0.72161831 0.69568918 0.69475746 0.69352164
 0.7743041  0.70255547 0.70222892 0.74434572 0.69081752 0.84767108
 0.85836685 0.69068803 0.66865116 0.68949224 0.70115662 0.68976928
 0.74332954 0.71297079 0.68336563 0.67980342 0.69052023 0.69644852
 0.65612792 0.70204801 0.68665284 0.68486132 0.67891756 0.73678649
 0.68610729 0.66654497 0.67068334 0.77570038 0.70458354 0.67924862
 0.69557815 0.68800655 0.75247868 0.71798527 0.67938479 0.69230686
 0.67389746 0.70231706 0.7516525  0.6719532  0.64374257 0.67318703
 0.67378792 0.66467364 0.70530465 0.65463756 0.68732419 0.67378792
 0.68075348 0.67318703 0.7295885  0.63638187 0.72688507 0.6719532
 0.66467364 0.71382718 0.69661171 0.65463756 0.62793416 0.67205306
 0.67680205 0.71456026 0.70912798 0.70281135 0.69377076 0.70053925
 0.63331407 0.67719804 0.71760444 0.67260353 0.67793079 0.65603281
 0.82598463 0.66957562 0.71055561 0.64825541 0.6916622  0.65149749
 0.65979401 0.68140848 0.67043104 1.01599213 0.66892301 0.79930159
 0.64998481 0.65341624 0.66859433 0.66985844 0.71358583 0.70503446
 0.72292823 0.67695013 0.696101   0.71111052 0.64738771 0.65771802
 0.66502972 0.6784951 ]


                            OLS Regression Results                            
==============================================================================
Dep. Variable:                      y   R-squared:                       0.023
Model:                            OLS   Adj. R-squared:                 -0.002
Method:                 Least Squares   F-statistic:                    0.9326
Date:                Tue, 26 Jul 2022   Prob (F-statistic):              0.461
Time:                        16:22:37   Log-Likelihood:                -120.16
No. Observations:                 200   AIC:                             252.3
Df Residuals:                     194   BIC:                             272.1
Df Model:                           5                                         
Covariance Type:            nonrobust                                         
==============================================================================
                 coef    std err          t      P>|t|      [0.025      0.975]
------------------------------------------------------------------------------
const          0.9395      0.247      3.804      0.000       0.452       1.427
x1            -0.0086      0.011     -0.762      0.447      -0.031       0.014
x2             0.0024      0.004      0.627      0.531      -0.005       0.010
x3            1.9e-05   2.03e-05      0.935      0.351   -2.11e-05    5.91e-05
x4         -1.623e-05   2.93e-05     -0.553      0.581   -7.41e-05    4.16e-05
x5            -0.2586      0.231     -1.120      0.264      -0.714       0.197
==============================================================================
Omnibus:                       51.669   Durbin-Watson:                   2.044
Prob(Omnibus):                  0.000   Jarque-Bera (JB):               38.997
Skew:                          -0.972   Prob(JB):                     3.40e-09
Kurtosis:                       2.053   Cond. No.                     3.18e+04
==============================================================================

Notes:
[1] Standard Errors assume that the covariance matrix of the errors is correctly specified.
[2] The condition number is large, 3.18e+04. This might indicate that there are
strong multicollinearity or other numerical problems.

