coefficient of determination (R^2): 0.12191150676595675

intercept (b0): 0.11746203587483747

slope (b1): [-1.62348020e-02  6.25093746e-03  7.58527569e-05  1.40544256e-05
 -1.18985428e-01]

predicted response:
[0.23989148 0.31987346 0.26186674 1.21579395 0.27101069 0.28053588
 0.22267425 0.43760883 0.34447212 0.41231765 0.40764432 0.44815453
 0.36441778 0.51408895 0.29534169 0.48484446 0.30953118 0.31851396
 0.36175953 0.36988644 0.3705586  0.53527152 0.28495051 0.537148
 0.34948592 0.25563026 0.16386227 0.44414506 0.24291164 0.33299059
 0.27308152 0.25157081 0.27625952 0.62758301 0.2949753  0.32687603
 0.7664979  0.40561114 0.23980622 0.48761054 0.21881688 1.00630707
 0.33860089 0.34476376 0.09985633 0.81714625 0.55205857 0.22932808
 0.25806739 0.22647875 0.40792755 0.3295038  0.43138342 0.31065434
 0.31121643 0.30790839 0.31154752 0.35657006 0.26110479 0.24997208
 0.22379721 0.2446921  0.86856364 0.7274891  0.24181105 0.24164235
 0.25422751 0.24778121 0.24199968 0.22182438 0.24038521 0.24251185
 0.22405159 0.19434277 0.21904708 0.25883265 0.24396304 0.21889106
 0.26310426 0.2476753  0.55134389 0.60124304 0.23738476 0.20393978
 0.22484801 0.35947486 0.88256328 0.28110214 0.3257817  0.38583045
 0.47757352 0.2798351  0.2609679  0.28443507 0.19533877 0.20742006
 0.28233957 0.30193147 0.3995188  0.28314617 0.18335149 0.28329005
 0.65936256 0.1648984  0.16671735 0.36730375 0.19359637 0.22004589
 0.24583434 0.19597834 0.22786555 0.23312158 0.19713295 0.21513579
 0.48021134 0.18643047 0.19878907 0.19753231 0.20558692 0.18567139
 0.1816422  0.22794742 0.15872848 0.20402401 0.17671801 0.4103771
 0.17593106 0.16751144 0.17352491 0.45774027 0.34885057 0.17327949
 0.15995526 0.16708562 0.46418382 0.18786394 0.17501148 0.1744536
 0.18602289 0.31338415 0.42355047 0.20126531 0.22089637 0.20989754
 0.17520666 0.21425774 0.264103   0.20505603 0.20085925 0.17520666
 0.29114558 0.20989754 0.24815582 0.20794727 0.29781572 0.20126531
 0.21425774 0.47231644 0.23173088 0.20505603 0.19634031 0.28372305
 0.10970258 0.21250672 0.20297838 0.13584005 0.2208666  0.20221989
 0.2103274  0.16243713 0.43150693 0.15607789 0.32132962 0.16644575
 0.33175325 0.19169271 0.44699264 0.14803244 0.30410712 0.17017591
 0.13724513 0.15939163 0.16374498 0.33166766 0.12125346 0.26583961
 0.13773834 0.12500602 0.16489191 0.1967905  0.33979474 0.20803646
 0.37457223 0.1896631  0.22830879 0.50464593 0.12429654 0.16193078
 0.12752491 0.16170401]


                            OLS Regression Results                            
==============================================================================
Dep. Variable:                      y   R-squared:                       0.122
Model:                            OLS   Adj. R-squared:                  0.099
Method:                 Least Squares   F-statistic:                     5.387
Date:                Tue, 26 Jul 2022   Prob (F-statistic):           0.000116
Time:                        16:22:37   Log-Likelihood:                -113.75
No. Observations:                 200   AIC:                             239.5
Df Residuals:                     194   BIC:                             259.3
Df Model:                           5                                         
Covariance Type:            nonrobust                                         
==============================================================================
                 coef    std err          t      P>|t|      [0.025      0.975]
------------------------------------------------------------------------------
const          0.1175      0.239      0.491      0.624      -0.354       0.589
x1            -0.0162      0.011     -1.489      0.138      -0.038       0.005
x2             0.0063      0.004      1.679      0.095      -0.001       0.014
x3          7.585e-05   1.97e-05      3.855      0.000     3.7e-05       0.000
x4          1.405e-05   2.84e-05      0.495      0.621    -4.2e-05    7.01e-05
x5            -0.1190      0.224     -0.532      0.595      -0.560       0.322
==============================================================================
Omnibus:                       19.490   Durbin-Watson:                   2.107
Prob(Omnibus):                  0.000   Jarque-Bera (JB):               19.327
Skew:                           0.704   Prob(JB):                     6.36e-05
Kurtosis:                       2.418   Cond. No.                     3.18e+04
==============================================================================

Notes:
[1] Standard Errors assume that the covariance matrix of the errors is correctly specified.
[2] The condition number is large, 3.18e+04. This might indicate that there are
strong multicollinearity or other numerical problems.

