coefficient of determination (R^2): 0.036275975978855235

intercept (b0): 0.7319342633917396

slope (b1): [ 8.93746290e-03  4.70135339e-03  3.49369690e-06 -1.30158886e-05
 -5.56326736e-01]

predicted response:
[0.31518774 0.73718705 0.28862638 0.5460646  0.32570646 0.31002807
 0.3379773  0.55261165 0.45065369 0.2888615  0.43131396 0.48805059
 0.33230803 0.68991972 0.33064139 0.33020574 0.32695534 0.35724194
 0.28994253 0.26110489 0.36293961 0.51008089 0.36583261 0.35006239
 0.343127   0.37464533 0.24916392 0.41890227 0.4974636  0.71536816
 0.33723005 0.35538146 0.34520865 0.38571597 0.31848683 0.33443947
 0.3993299  0.34344618 0.39228405 0.47665917 0.37727548 0.6878086
 0.36620518 0.40049296 0.24638489 0.46971288 0.48341142 0.37152174
 0.36519126 0.35840763 0.33464497 0.33211665 0.36371088 0.36033682
 0.35412286 0.54818911 0.37649611 0.32581504 0.33794709 0.35052722
 0.36015126 0.35884306 0.70784904 0.5957003  0.34150188 0.3607262
 0.3748846  0.37417953 0.35337826 0.36799182 0.36322437 0.35387411
 0.36491703 0.47592065 0.37938697 0.35316437 0.34780276 0.36683293
 0.35622755 0.38381017 0.51430778 0.42324797 0.34114591 0.38258198
 0.38400624 0.38397215 0.45162248 0.40186343 0.41319297 0.37117256
 0.40618637 0.36321054 0.37132829 0.35714836 0.37328497 0.38450733
 0.37749659 0.49952029 0.40429397 0.36017526 0.38151092 0.36656239
 0.3863086  0.38854496 0.39386082 0.39103611 0.37610808 0.68661202
 0.69101798 0.38600899 0.36667303 0.38025736 0.38664158 0.39338534
 0.41161968 0.40272121 0.37412037 0.37508677 0.38472397 0.39019575
 0.37195975 0.43941759 0.39327298 0.3916421  0.38576728 0.39312733
 0.39823226 0.3754375  0.3796461  0.44542934 0.38250567 0.3903197
 0.40541636 0.40150899 0.42323877 0.41552809 0.39537509 0.39711899
 0.39067422 0.39448073 0.41850667 0.39915806 0.36764137 0.394599
 0.39993329 0.3993725  0.41545957 0.39054194 0.42385461 0.39993329
 0.39847078 0.394599   0.44922049 0.36605332 0.43147537 0.39915806
 0.3993725  0.39396328 0.42357675 0.39054194 0.37831937 0.41655825
 0.40854739 0.47702887 0.46401979 0.44869379 0.4544721  0.45247914
 0.38026161 0.41672275 0.43843206 0.41435304 0.40673766 0.4089536
 0.69057127 0.40513339 0.40544396 0.39794423 0.41086214 0.39412476
 0.42260605 0.4405254  0.42467832 1.10582043 0.42457586 0.6333936
 0.40862006 0.41127032 0.42129154 0.41550775 0.43287383 0.46037396
 0.43506812 0.43212612 0.43647903 0.41996645 0.41254232 0.41654988
 0.4242874  0.43195069]


                            OLS Regression Results                            
==============================================================================
Dep. Variable:                      y   R-squared:                       0.036
Model:                            OLS   Adj. R-squared:                  0.011
Method:                 Least Squares   F-statistic:                     1.460
Date:                Tue, 26 Jul 2022   Prob (F-statistic):              0.205
Time:                        16:22:37   Log-Likelihood:                -138.17
No. Observations:                 200   AIC:                             288.3
Df Residuals:                     194   BIC:                             308.1
Df Model:                           5                                         
Covariance Type:            nonrobust                                         
==============================================================================
                 coef    std err          t      P>|t|      [0.025      0.975]
------------------------------------------------------------------------------
const          0.7319      0.270      2.709      0.007       0.199       1.265
x1             0.0089      0.012      0.726      0.469      -0.015       0.033
x2             0.0047      0.004      1.118      0.265      -0.004       0.013
x3          3.494e-06   2.22e-05      0.157      0.875   -4.04e-05    4.73e-05
x4         -1.302e-05   3.21e-05     -0.406      0.685   -7.63e-05    5.03e-05
x5            -0.5563      0.253     -2.202      0.029      -1.055      -0.058
==============================================================================
Omnibus:                     1436.124   Durbin-Watson:                   2.143
Prob(Omnibus):                  0.000   Jarque-Bera (JB):               30.161
Skew:                           0.382   Prob(JB):                     2.82e-07
Kurtosis:                       1.258   Cond. No.                     3.18e+04
==============================================================================

Notes:
[1] Standard Errors assume that the covariance matrix of the errors is correctly specified.
[2] The condition number is large, 3.18e+04. This might indicate that there are
strong multicollinearity or other numerical problems.

