coefficient of determination (R^2): 0.04715179466418551

intercept (b0): 0.44055531738920206

slope (b1): [ 1.31244296e-02 -9.33018405e-03  4.04221938e-05  3.29349750e-05
  1.45379506e-01]

predicted response:
[ 0.39258947  0.28906122  0.44794796  0.85766268  0.41426159  0.43371521
  0.34336669  0.48765743  0.37843306  0.57030256  0.38688451  0.36858379
  0.40580875  0.33324134  0.36526208  0.4749104   0.37197576  0.38165325
  0.47321819  0.53195115  0.37818343  0.41496913  0.33376137  0.49949407
  0.39306491  0.2830536   0.54649645  0.3866244   0.46492185  0.19027999
  0.36566121  0.31854918  0.35449605  0.52611339  0.41671449  0.41207244
  0.65958446  0.47266326  0.29060887  0.39281722  0.30309552 -0.06954987
  0.39332038  0.40369477  0.58865558  0.54914622  0.20064001  0.3587849
  0.34772032  0.4293344   0.50231571  0.45460013  0.48572496  0.39354393
  0.4049029   0.30650258  0.38663385  0.48203839  0.3967291   0.37959174
  0.36766726  0.40245454 -0.16846199  0.04795989  0.42458322  0.39559964
  0.37458262  0.38569132  0.40216857  0.36706306  0.3722068   0.40280567
  0.37117289  0.26595315  0.35888075  0.41769111  0.40876316  0.36361404
  0.4019544   0.36975797  0.46380465  0.50559622  0.49266396  0.36006446
  0.365276    0.47523384  0.79354915  0.3969298   0.49169687  0.50745962
  0.5429818   0.44606581  0.42697106  0.46070421  0.37118074  0.36226746
  0.42030359  0.35784053  0.52597265  0.45082201  0.39423278  0.48104488
  0.70132965  0.36823754  0.37147973  0.48744452  0.40777604  0.27326993
  0.28161798  0.38741055  0.45550126  0.42069299  0.3859052   0.4072776
  0.5807715   0.3629561   0.41024834  0.41447995  0.39586098  0.38333697
  0.45942676  0.44898661  0.39988661  0.4421333   0.42527856  0.55001163
  0.41695927  0.43269966  0.43297514  0.54727637  0.52728528  0.41034786
  0.37836367  0.39471289  0.56913985  0.3729683   0.41278972  0.39406819
  0.41697972  0.48942148  0.55896343  0.44826873  0.52416563  0.46553343
  0.42277035  0.45786727  0.44691806  0.44984312  0.39394414  0.42277035
  0.50245044  0.46553343  0.43007512  0.51056381  0.47396121  0.44826873
  0.45786727  0.6263277   0.43261168  0.44984312  0.51591042  0.48830795
  0.47490133  0.34016972  0.3615498   0.45692016  0.40979508  0.35830795
  0.52094688  0.42341572  0.62014479  0.42389455  0.56057263  0.46815126
  0.43114922  0.47011825  0.63675288  0.46067018  0.53889482  0.47473038
  0.44067203  0.43303724  0.44922203  0.27396997  0.43865118  0.42438435
  0.47699701  0.46138515  0.4769646   0.50206294  0.54442529  0.45875533
  0.57459373  0.47677936  0.48429943  0.70324041  0.4573064   0.47656065
  0.4373238   0.43739782]


                            OLS Regression Results                            
==============================================================================
Dep. Variable:                      y   R-squared:                       0.047
Model:                            OLS   Adj. R-squared:                  0.023
Method:                 Least Squares   F-statistic:                     1.920
Date:                Tue, 26 Jul 2022   Prob (F-statistic):             0.0927
Time:                        16:22:37   Log-Likelihood:                -138.35
No. Observations:                 200   AIC:                             288.7
Df Residuals:                     194   BIC:                             308.5
Df Model:                           5                                         
Covariance Type:            nonrobust                                         
==============================================================================
                 coef    std err          t      P>|t|      [0.025      0.975]
------------------------------------------------------------------------------
const          0.4406      0.270      1.629      0.105      -0.093       0.974
x1             0.0131      0.012      1.065      0.288      -0.011       0.037
x2            -0.0093      0.004     -2.216      0.028      -0.018      -0.001
x3          4.042e-05   2.23e-05      1.817      0.071   -3.47e-06    8.43e-05
x4          3.293e-05   3.21e-05      1.025      0.306   -3.04e-05    9.63e-05
x5             0.1454      0.253      0.575      0.566      -0.353       0.644
==============================================================================
Omnibus:                     1313.626   Durbin-Watson:                   1.964
Prob(Omnibus):                  0.000   Jarque-Bera (JB):               28.988
Skew:                           0.241   Prob(JB):                     5.07e-07
Kurtosis:                       1.198   Cond. No.                     3.18e+04
==============================================================================

Notes:
[1] Standard Errors assume that the covariance matrix of the errors is correctly specified.
[2] The condition number is large, 3.18e+04. This might indicate that there are
strong multicollinearity or other numerical problems.

